1733694505881 0.028712461366357873 0
1733694563737 0.12209306084332663 0
1733694621264 0.23746505496520637 0
1733694678909 0.31772763266454074 0
1733694736424 0.37713448590834703 0
1733694794164 0.44518015612597167 0
1733694851887 0.4584853990610492 0
1733694909380 0.4937950929671273 0
1733694967293 0.5269118817851145 0
1733695025028 0.5478126243575313 0
1733695082928 0.5636290848511968 0
1733695140570 0.5848703763665698 0
1733695198609 0.5988648741677398 0
1733695256502 0.5831780952819424 0
1733695314203 0.6074562225177991 0
1733695371780 0.6044596525937177 0
1733695429304 0.6123446291325396 0
1733695486795 0.6144818824833289 0
1733695544496 0.6258859297846937 0
1733695602284 0.6290038344687034 0
