1733694505880 0.04508535384191697 0
1733694563736 0.16353482560733212 0
1733694621263 0.3086515275710319 0
1733694678908 0.43722369271532463 0
1733694736423 0.5034394937035562 0
1733694794163 0.5489874952023823 0
1733694851886 0.6006391558612068 0
1733694909379 0.5997252399119918 0
1733694967292 0.6370880940136994 0
1733695025027 0.6483341126355554 0
1733695082927 0.6489701949308097 0
1733695140568 0.6843083150469803 0
1733695198608 0.6822301180666669 0
1733695256501 0.6681260570135038 0
1733695314202 0.6954696059553568 0
1733695371778 0.6809784292669375 0
1733695429303 0.6920649423638577 0
1733695486794 0.6946219514990352 0
1733695544495 0.6954786796021316 0
1733695602283 0.6972417785619147 0
