1733694505880 0.04618768328445748 0
1733694563737 0.156158357771261 0
1733694621264 0.26466275659824046 0
1733694678908 0.34310850439882695 0
1733694736423 0.4039589442815249 0
1733694794163 0.4714076246334311 0
1733694851886 0.46994134897360706 0
1733694909380 0.5117302052785924 0
1733694967292 0.5388563049853372 0
1733695025027 0.5601173020527859 0
1733695082928 0.5747800586510264 0
1733695140569 0.5872434017595308 0
1733695198609 0.6048387096774194 0
1733695256501 0.592375366568915 0
1733695314203 0.6077712609970675 0
1733695371779 0.6107038123167156 0
1733695429304 0.6136363636363636 0
1733695486794 0.6217008797653959 0
1733695544496 0.6282991202346041 0
1733695602283 0.6319648093841642 0
