1733694505877 1.7412023460410557 0
1733694563734 10.575513196480939 0
1733694621261 25.494868035190617 0
1733694678906 36.950146627565985 0
1733694736421 46.792521994134894 0
1733694794161 51.61290322580645 0
1733694851884 57.679618768328446 0
1733694909377 61.381964809384165 0
1733694967290 63.98460410557185 0
1733695025025 66.99046920821114 0
1733695082926 68.383431085044 0
1733695140566 69.66642228739003 0
1733695198606 71.7925219941349 0
1733695256498 72.12243401759531 0
1733695314200 73.75366568914956 0
1733695371776 73.53372434017595 0
1733695429302 74.94501466275659 0
1733695486792 76.31964809384164 0
1733695544493 75.93475073313783 0
1733695602281 76.20967741935483 0
