1733694505877 4.99988317489624 0
1733694563733 4.504965001886541 0
1733694621261 4.076803120699796 0
1733694678905 3.6886909658258613 0
1733694736420 3.3442716381766577 0
1733694794160 3.077561855316162 0
1733694851883 2.8068243590268223 0
1733694909377 2.5801906152205034 0
1733694967289 2.3852692517367275 0
1733695025024 2.22187783501365 0
1733695082925 2.086023460734974 0
1733695140566 1.9568549394607544 0
1733695198606 1.8507662686434658 0
1733695256498 1.7684920917857776 0
1733695314200 1.6765757474032315 0
1733695371775 1.6231781027533791 0
1733695429301 1.531374606219205 0
1733695486791 1.4720483476465398 0
1733695544493 1.4358960823579268 0
1733695602280 1.395042289387096 0
