1733696061601 0.27768988327765326 0
1733696127279 0.4012817534615141 0
1733696192689 0.46168391691313465 0
1733696257835 0.4991221974524463 0
1733696323399 0.5233780661720314 0
1733696388571 0.5507333675703251 0
1733696453901 0.5674982357546078 0
1733696519165 0.5751148756221145 0
1733696584492 0.5854733098622953 0
1733696649765 0.5937263190402965 0
1733696715286 0.5980724139800251 0
1733696780573 0.5979826415598078 0
1733696846208 0.6120340501310421 0
1733696911652 0.6151552260271692 0
1733696977035 0.6196813733070503 0
1733697042441 0.6276962525475871 0
1733697107911 0.6426668708441755 0
1733697173094 0.6439027191805725 0
1733697238297 0.641332173402518 0
1733697303483 0.6436591305896576 0
