1733696061600 0.37628390428921876 0
1733696127277 0.5114913167224223 0
1733696192688 0.5629584986479379 0
1733696257834 0.5949838744923026 0
1733696323398 0.6115767563925457 0
1733696388570 0.6348308569666656 0
1733696453900 0.6451324522737201 0
1733696519164 0.6434133392483572 0
1733696584491 0.6510125095130781 0
1733696649764 0.6714695596644233 0
1733696715285 0.6660985498905124 0
1733696780572 0.6594009667226505 0
1733696846207 0.6830751476659381 0
1733696911650 0.6768475567448096 0
1733696977034 0.6782031155861369 0
1733697042440 0.6816132516565038 0
1733697107910 0.6980609958558681 0
1733697173093 0.6946121788675617 0
1733697238296 0.6904380418078094 0
1733697303482 0.7020520063982313 0
