1733696061601 0.3057184750733138 0
1733696127278 0.42595307917888564 0
1733696192688 0.4831378299120235 0
1733696257835 0.5175953079178885 0
1733696323399 0.5395894428152492 0
1733696388570 0.5630498533724341 0
1733696453900 0.5784457478005866 0
1733696519164 0.5857771260997068 0
1733696584492 0.5989736070381232 0
1733696649764 0.6004398826979472 0
1733696715286 0.6099706744868035 0
1733696780572 0.6085043988269795 0
1733696846208 0.6195014662756598 0
1733696911651 0.6217008797653959 0
1733696977035 0.6290322580645161 0
1733697042440 0.6356304985337243 0
1733697107911 0.6495601173020528 0
1733697173094 0.6488269794721407 0
1733697238297 0.6451612903225806 0
1733697303483 0.6466275659824047 0
