1733696061598 10.245601173020528 0
1733696127275 37.4450146627566 0
1733696192686 50.0366568914956 0
1733696257832 55.33357771260997 0
1733696323396 60.098973607038126 0
1733696388568 62.6282991202346 0
1733696453898 64.66275659824046 0
1733696519162 66.42228739002933 0
1733696584489 67.68695014662757 0
1733696649762 69.61143695014663 0
1733696715283 70.25293255131965 0
1733696780570 70.93108504398828 0
1733696846205 71.51759530791789 0
1733696911649 71.07771260997067 0
1733696977032 72.61730205278593 0
1733697042438 73.66202346041055 0
1733697107908 73.64369501466275 0
1733697173091 73.91862170087977 0
1733697238294 74.12023460410558 0
1733697303480 74.7434017595308 0
