1733696061597 4.557944861325351 0
1733696127274 3.3758042508905586 0
1733696192685 2.6443684101104736 0
1733696257831 2.269689429890026 0
1733696323396 1.9887991710142656 0
1733696388567 1.7874685525894165 0
1733696453897 1.6616896824403242 0
1733696519161 1.5607334917241877 0
1733696584488 1.480283726345409 0
1733696649762 1.3958675427870317 0
1733696715282 1.3431618430397727 0
1733696780569 1.2955323674462058 0
1733696846205 1.2643702897158535 0
1733696911648 1.2458324107256802 0
1733696977032 1.1761667945168235 0
1733697042437 1.1543337215076794 0
1733697107907 1.1381140080365268 0
1733697173090 1.0892166549509221 0
1733697238294 1.0847925381226973 0
1733697303480 1.0607400373979048 0
